mrgid
25614
25622
25603
25180
26567
25620
25202
25617
25196
25673
25224
25231
25227
25232
25198
25347
25240
25360
25234
25612
25670
25594
25598
25672
25592
25595
25218
25220
25214
25609
25185
25204
25679
25226
22762
25613
25625
25621
25195
25216
25711
25239
25710
25359
25243
25221
25177
25211
25361
25181
25611
25236
25241
25194
25615
25623
25608
25197
25215
49654
50418
49656
49657
49661
49645
49666
49646
25190
25677
25669
25597
25193
25189
25184
25616
25602
25322
25599
25246
25233
25242
25229
49691
25203
49688
49690
49693
25606
49689
25601
49687
49692
25680
25207
25205
25209
25596
49660
25674
25318
25320
25368
25210
25245
25188
49672
25237
49670
25678
25593
25225
25619
25228
25321
25604
25607
25219
25186
25366
25600
25192
25179
25610
25624
25206
25191
25201
25213
25222
25217
25178
25212
25362
25235
25244
